At time 1695630342.562104686
- Translation: [0.000, 0.000, 0.000]
- Rotation: in Quaternion [0.000, 0.000, -0.116, 0.993]
- Rotation: in RPY (radian) [0.000, 0.000, -0.232]
- Rotation: in RPY (degree) [0.000, 0.000, -13.272]
- Matrix:
  0.973  0.230  0.000  0.000
 -0.230  0.973 -0.000  0.000
 -0.000  0.000  1.000  0.000
  0.000  0.000  0.000  1.000
At time 1695630343.553216832
- Translation: [0.000, 0.000, 0.000]
- Rotation: in Quaternion [0.000, 0.000, -0.116, 0.993]
- Rotation: in RPY (radian) [0.000, 0.000, -0.232]
- Rotation: in RPY (degree) [0.000, 0.000, -13.272]
- Matrix:
  0.973  0.230  0.000  0.000
 -0.230  0.973 -0.000  0.000
 -0.000  0.000  1.000  0.000
  0.000  0.000  0.000  1.000
At time 1695630344.561339470
- Translation: [0.000, 0.000, 0.000]
- Rotation: in Quaternion [0.000, 0.000, -0.116, 0.993]
- Rotation: in RPY (radian) [0.000, 0.000, -0.232]
- Rotation: in RPY (degree) [0.000, 0.000, -13.272]
- Matrix:
  0.973  0.230  0.000  0.000
 -0.230  0.973 -0.000  0.000
 -0.000  0.000  1.000  0.000
  0.000  0.000  0.000  1.000
At time 1695630345.553331715
- Translation: [0.000, 0.000, 0.000]
- Rotation: in Quaternion [0.000, 0.000, -0.116, 0.993]
- Rotation: in RPY (radian) [0.000, 0.000, -0.232]
- Rotation: in RPY (degree) [0.000, 0.000, -13.272]
- Matrix:
  0.973  0.230  0.000  0.000
 -0.230  0.973 -0.000  0.000
 -0.000  0.000  1.000  0.000
  0.000  0.000  0.000  1.000
At time 1695630346.562102734
- Translation: [0.000, 0.000, 0.000]
- Rotation: in Quaternion [0.000, 0.000, -0.116, 0.993]
- Rotation: in RPY (radian) [0.000, 0.000, -0.232]
- Rotation: in RPY (degree) [0.000, 0.000, -13.272]
- Matrix:
  0.973  0.230  0.000  0.000
 -0.230  0.973 -0.000  0.000
 -0.000  0.000  1.000  0.000
  0.000  0.000  0.000  1.000
At time 1695630347.553972048
- Translation: [0.000, 0.000, 0.000]
- Rotation: in Quaternion [0.000, 0.000, -0.116, 0.993]
- Rotation: in RPY (radian) [0.000, 0.000, -0.232]
- Rotation: in RPY (degree) [0.000, 0.000, -13.272]
- Matrix:
  0.973  0.230  0.000  0.000
 -0.230  0.973 -0.000  0.000
 -0.000  0.000  1.000  0.000
  0.000  0.000  0.000  1.000
At time 1695630348.562275636
- Translation: [0.000, 0.000, 0.000]
- Rotation: in Quaternion [0.000, 0.000, -0.116, 0.993]
- Rotation: in RPY (radian) [0.000, 0.000, -0.232]
- Rotation: in RPY (degree) [0.000, 0.000, -13.272]
- Matrix:
  0.973  0.230  0.000  0.000
 -0.230  0.973 -0.000  0.000
 -0.000  0.000  1.000  0.000
  0.000  0.000  0.000  1.000
At time 1695630349.554284503
- Translation: [0.000, 0.000, 0.000]
- Rotation: in Quaternion [0.000, 0.000, -0.116, 0.993]
- Rotation: in RPY (radian) [0.000, 0.000, -0.232]
- Rotation: in RPY (degree) [0.000, 0.000, -13.272]
- Matrix:
  0.973  0.230  0.000  0.000
 -0.230  0.973 -0.000  0.000
 -0.000  0.000  1.000  0.000
  0.000  0.000  0.000  1.000
At time 1695630350.562043675
- Translation: [0.000, 0.000, 0.000]
- Rotation: in Quaternion [0.000, 0.000, -0.116, 0.993]
- Rotation: in RPY (radian) [0.000, 0.000, -0.232]
- Rotation: in RPY (degree) [0.000, 0.000, -13.272]
- Matrix:
  0.973  0.230  0.000  0.000
 -0.230  0.973 -0.000  0.000
 -0.000  0.000  1.000  0.000
  0.000  0.000  0.000  1.000
At time 1695630351.554324725
- Translation: [0.706, 0.371, 0.000]
- Rotation: in Quaternion [0.000, 0.000, 0.228, 0.974]
- Rotation: in RPY (radian) [0.000, -0.000, 0.459]
- Rotation: in RPY (degree) [0.000, -0.000, 26.312]
- Matrix:
  0.896 -0.443  0.000  0.706
  0.443  0.896  0.000  0.371
  0.000  0.000  1.000  0.000
  0.000  0.000  0.000  1.000
At time 1695630352.560894336
- Translation: [1.174, 0.370, 0.000]
- Rotation: in Quaternion [0.000, 0.000, 0.542, 0.840]
- Rotation: in RPY (radian) [0.000, -0.000, 1.145]
- Rotation: in RPY (degree) [0.000, -0.000, 65.623]
- Matrix:
  0.413 -0.911  0.000  1.174
  0.911  0.413  0.000  0.370
  0.000  0.000  1.000  0.000
  0.000  0.000  0.000  1.000
At time 1695630353.553072693
- Translation: [1.153, 1.188, 0.000]
- Rotation: in Quaternion [0.000, 0.000, 0.777, 0.629]
- Rotation: in RPY (radian) [0.000, -0.000, 1.781]
- Rotation: in RPY (degree) [0.000, -0.000, 102.050]
- Matrix:
 -0.209 -0.978  0.000  1.153
  0.978 -0.209  0.000  1.188
  0.000  0.000  1.000  0.000
  0.000  0.000  0.000  1.000
At time 1695630354.561705401
- Translation: [1.685, 1.643, 0.000]
- Rotation: in Quaternion [0.000, 0.000, 0.638, 0.770]
- Rotation: in RPY (radian) [0.000, -0.000, 1.383]
- Rotation: in RPY (degree) [0.000, -0.000, 79.212]
- Matrix:
  0.187 -0.982  0.000  1.685
  0.982  0.187  0.000  1.643
  0.000  0.000  1.000  0.000
  0.000  0.000  0.000  1.000
At time 1695630355.553819746
- Translation: [2.354, 1.249, 0.000]
- Rotation: in Quaternion [0.000, 0.000, 0.542, 0.840]
- Rotation: in RPY (radian) [0.000, -0.000, 1.146]
- Rotation: in RPY (degree) [0.000, -0.000, 65.663]
- Matrix:
  0.412 -0.911  0.000  2.354
  0.911  0.412  0.000  1.249
  0.000  0.000  1.000  0.000
  0.000  0.000  0.000  1.000
At time 1695630356.561681593
- Translation: [2.902, 1.432, 0.000]
- Rotation: in Quaternion [0.000, 0.000, 0.305, 0.952]
- Rotation: in RPY (radian) [0.000, -0.000, 0.621]
- Rotation: in RPY (degree) [0.000, -0.000, 35.568]
- Matrix:
  0.813 -0.582  0.000  2.902
  0.582  0.813  0.000  1.432
  0.000  0.000  1.000  0.000
  0.000  0.000  0.000  1.000
At time 1695630357.552938623
- Translation: [2.029, 0.413, 0.000]
- Rotation: in Quaternion [0.000, 0.000, 0.827, 0.563]
- Rotation: in RPY (radian) [0.000, -0.000, 1.947]
- Rotation: in RPY (degree) [0.000, -0.000, 111.529]
- Matrix:
 -0.367 -0.930  0.000  2.029
  0.930 -0.367  0.000  0.413
  0.000  0.000  1.000  0.000
  0.000  0.000  0.000  1.000
At time 1695630358.561017608
- Translation: [0.724, 1.664, 0.000]
- Rotation: in Quaternion [0.000, 0.000, 0.756, 0.655]
- Rotation: in RPY (radian) [0.000, -0.000, 1.714]
- Rotation: in RPY (degree) [0.000, -0.000, 98.225]
- Matrix:
 -0.143 -0.990  0.000  0.724
  0.990 -0.143  0.000  1.664
  0.000  0.000  1.000  0.000
  0.000  0.000  0.000  1.000
At time 1695630359.553554038
- Translation: [2.453, 1.193, 0.000]
- Rotation: in Quaternion [0.000, 0.000, 0.132, 0.991]
- Rotation: in RPY (radian) [0.000, -0.000, 0.265]
- Rotation: in RPY (degree) [0.000, -0.000, 15.193]
- Matrix:
  0.965 -0.262  0.000  2.453
  0.262  0.965  0.000  1.193
  0.000  0.000  1.000  0.000
  0.000  0.000  0.000  1.000
At time 1695630360.560924088
- Translation: [2.226, -0.377, 0.000]
- Rotation: in Quaternion [0.000, 0.000, -0.545, 0.839]
- Rotation: in RPY (radian) [0.000, 0.000, -1.152]
- Rotation: in RPY (degree) [0.000, 0.000, -66.025]
- Matrix:
  0.406  0.914  0.000  2.226
 -0.914  0.406 -0.000 -0.377
 -0.000  0.000  1.000  0.000
  0.000  0.000  0.000  1.000
At time 1695630361.553281371
- Translation: [1.360, -1.342, 0.000]
- Rotation: in Quaternion [0.000, 0.000, -0.731, 0.682]
- Rotation: in RPY (radian) [0.000, 0.000, -1.639]
- Rotation: in RPY (degree) [0.000, 0.000, -93.932]
- Matrix:
 -0.069  0.998  0.000  1.360
 -0.998 -0.069 -0.000 -1.342
 -0.000  0.000  1.000  0.000
  0.000  0.000  0.000  1.000
At time 1695630362.561577144
- Translation: [1.832, -1.677, 0.000]
- Rotation: in Quaternion [0.000, 0.000, -0.677, 0.736]
- Rotation: in RPY (radian) [0.000, 0.000, -1.489]
- Rotation: in RPY (degree) [0.000, 0.000, -85.286]
- Matrix:
  0.082  0.997  0.000  1.832
 -0.997  0.082 -0.000 -1.677
 -0.000  0.000  1.000  0.000
  0.000  0.000  0.000  1.000
At time 1695630363.553799063
- Translation: [1.158, -0.576, 0.000]
- Rotation: in Quaternion [0.000, 0.000, 0.946, -0.325]
- Rotation: in RPY (radian) [0.000, -0.000, -2.479]
- Rotation: in RPY (degree) [0.000, -0.000, -142.042]
- Matrix:
 -0.788  0.615  0.000  1.158
 -0.615 -0.788  0.000 -0.576
  0.000  0.000  1.000  0.000
  0.000  0.000  0.000  1.000
At time 1695630364.561504715
- Translation: [0.014, -2.047, 0.000]
- Rotation: in Quaternion [0.000, 0.000, -0.796, 0.606]
- Rotation: in RPY (radian) [0.000, 0.000, -1.840]
- Rotation: in RPY (degree) [0.000, 0.000, -105.416]
- Matrix:
 -0.266  0.964  0.000  0.014
 -0.964 -0.266 -0.000 -2.047
 -0.000  0.000  1.000  0.000
  0.000  0.000  0.000  1.000
At time 1695630365.553422269
- Translation: [3.122, -1.326, 0.000]
- Rotation: in Quaternion [0.000, 0.000, -0.182, 0.983]
- Rotation: in RPY (radian) [0.000, 0.000, -0.367]
- Rotation: in RPY (degree) [0.000, 0.000, -21.009]
- Matrix:
  0.934  0.359  0.000  3.122
 -0.359  0.934 -0.000 -1.326
 -0.000  0.000  1.000  0.000
  0.000  0.000  0.000  1.000
At time 1695630366.560862471
- Translation: [3.739, -0.281, 0.000]
- Rotation: in Quaternion [0.000, 0.000, 0.009, 1.000]
- Rotation: in RPY (radian) [0.000, -0.000, 0.018]
- Rotation: in RPY (degree) [0.000, -0.000, 1.057]
- Matrix:
  1.000 -0.018  0.000  3.739
  0.018  1.000  0.000 -0.281
  0.000  0.000  1.000  0.000
  0.000  0.000  0.000  1.000
At time 1695630367.553261112
- Translation: [2.330, -0.013, 0.000]
- Rotation: in Quaternion [0.000, 0.000, 0.049, 0.999]
- Rotation: in RPY (radian) [0.000, -0.000, 0.097]
- Rotation: in RPY (degree) [0.000, -0.000, 5.582]
- Matrix:
  0.995 -0.097  0.000  2.330
  0.097  0.995  0.000 -0.013
  0.000  0.000  1.000  0.000
  0.000  0.000  0.000  1.000
At time 1695630368.561719522
- Translation: [1.152, -0.001, 0.000]
- Rotation: in Quaternion [0.000, 0.000, 0.052, 0.999]
- Rotation: in RPY (radian) [0.000, -0.000, 0.104]
- Rotation: in RPY (degree) [0.000, -0.000, 5.956]
- Matrix:
  0.995 -0.104  0.000  1.152
  0.104  0.995  0.000 -0.001
  0.000  0.000  1.000  0.000
  0.000  0.000  0.000  1.000
